dataset: Matern_Synthetic_0_3_perlin_raw
kl: 7.235675833928043e-05
sad: 6.188112999598504
vol: 8.370986528482442
epochs: 200
lr: 1e-3

