dataset: samson
kl: 0.00032081943524748797
sad: 8.579391686676814
vol: 8.676656026278964
epochs: 200
lr: 1e-3

